data/arrival_time_g10.txt
Obs	Exp	X^2
106	100.0	0.36
102	100.0	0.04
98	100.0	0.04
96	100.0	0.16
98	100.0	0.04
110	100.0	1.0
104	100.0	0.16
86	100.0	1.96
----------------------------------------------------
800.0	800.0	3.76
X^2(6, 0.005) = 12.6 > 3.76, not rejected
----------------------------------------------------
data/duration_g10.txt
Obs	Exp	X^2
404	100.0	924.16
200	100.0	100.0
107	100.0	0.49
43	100.0	32.49
27	100.0	53.29
13	100.0	75.69
4	100.0	92.16
2	100.0	96.04
----------------------------------------------------
800.0	800.0	1374.32
X^2(6, 0.005) = 12.6 < 1374.32, rejected
----------------------------------------------------
data/position_g10.txt
Obs	Exp	X^2
109	100.0	0.81
105	100.0	0.25
106	100.0	0.36
91	100.0	0.81
87	100.0	1.69
86	100.0	1.96
108	100.0	0.64
108	100.0	0.64
----------------------------------------------------
800.0	800.0	7.159999999999999
X^2(6, 0.005) = 12.6 > 7.159999999999999, not rejected
----------------------------------------------------
data/speed_g10.txt
Obs	Exp	X^2
0	100.0	100.0
2	100.0	96.04
18	100.0	67.24
118	100.0	3.24
236	100.0	184.96
291	100.0	364.81
109	100.0	0.81
26	100.0	54.76
----------------------------------------------------
800.0	800.0	871.8599999999999
X^2(6, 0.005) = 12.6 < 871.8599999999999, rejected
----------------------------------------------------
