data/arrival_time_g10.txt
Obs	Exp	X^2
55	100.0	20.25
66	100.0	11.56
66	100.0	11.56
88	100.0	1.44
115	100.0	2.25
164	100.0	40.96
246	100.0	213.16
0	100.0	100.0
----------------------------------------------------
800.0	800.0	401.18
X^2(6, 0.005) = 401.18 > 12.6, rejected
----------------------------------------------------
data/duration_g10.txt
Obs	Exp	X^2
81	100.0	3.61
114	100.0	1.96
89	100.0	1.21
114	100.0	1.96
99	100.0	0.01
99	100.0	0.01
103	100.0	0.09
101	100.0	0.01
----------------------------------------------------
800.0	800.0	8.86
X^2(6, 0.005) = 8.86 < 12.6, not rejected
----------------------------------------------------
data/position_g10.txt
Obs	Exp	X^2
63	100.0	13.69
60	100.0	16.0
73	100.0	7.29
97	100.0	0.09
109	100.0	0.81
144	100.0	19.36
254	100.0	237.16
0	100.0	100.0
----------------------------------------------------
800.0	800.0	394.4
X^2(6, 0.005) = 394.4 > 12.6, rejected
----------------------------------------------------
data/speed_g10.txt
Obs	Exp	X^2
0	100.0	100.0
0	100.0	100.0
3	100.0	94.09
57	100.0	18.49
294	100.0	376.36
420	100.0	1024.0
26	100.0	54.76
0	100.0	100.0
----------------------------------------------------
800.0	800.0	1867.7
X^2(6, 0.005) = 1867.7 > 12.6, rejected
----------------------------------------------------
